{
  "H": {
    "AA":0.62,
    "BA":2.5,
    "U":0.92,
    "G":2.95,
    "Psi":2,
    "Alpha1": 0.6,
    "Alpha2": 0.3
  },
  "O": {
    "A1":316.284,
    "B1": 15.835,
    "A2": -9.789,
    "B2": 6.439,
    "A3": 5.479,
    "B3": 2.710,
    "G": 4.29,
    "Psi":2,
    "U": 0.55,
    "V": 1.0,
    "F":1.0,
    "Alpha1": 3.5,
    "Alpha2": 1.75
  },
  "N": {
    "A1": 207.763,
    "B1": 13.835,
    "A2": -5.366,
    "B2": 4.656,
    "A3": 3.737,
    "B3": 2.453,
    "G": 2.94,
    "Psi": 2,
    "U": 0.925,
    "V": 1.0,
    "F":1.0,
    "Alpha1": 3.5,
    "Alpha2": 1.75
  },
  "C" : {
    "A1": 128.049,
    "B1": 11.850,
    "A2": -2.535,
    "B2": 3.508,
    "A3": 2.041,
    "B3": 2.099,
    "G": 2.1,
    "Psi": 2,
    "U": 1.29,
    "V": 1.29,
    "F": 1.0,
    "Alpha1": 3.5,
    "Alpha2": 1.75
  },
  "F" : {
    "A1": 462.0526,
    "B1": 17.76479,
    "A2": -21.70846,
    "B2": 8.838077,
    "A3": 8.365968,
    "B3": 3.008839,
    "G": 3.0008839,
    "Psi": 2,
    "U": 1.0,
    "V": 1.0,
    "F": 1.0,
    "Alpha1": 3.5,
    "Alpha2": 1.75
  }
}
